Description,,Summary Amt.,
Beginning balance as of 03/22/2024,,"1,075.21",
Total credits,,"1,199.70",
Total debits,,"-1,378.51",
Ending balance as of 04/22/2024,,896.40,
Date,Description,Amount,Running Bal.
03/22/2024,Beginning balance as of 03/22/2024,,"1,075.21"
03/22/2024,Zelle payment from ETHAN THOMPSON Conf# T0S3H7Y6X,100.00,"1,175.21"
03/25/2024,BARNES & NOBLE #2089 03/21 MOBILE PURCHASE LOS ANGELES CA,-19.70,"1,155.51"
03/25/2024,BREEZE AIRWAZZM4NR 03/21 PURCHASE COTTONWOOD HE UT,-35.00,"1,120.51"
03/25/2024,7-ELEVEN 34754 03/21 MOBILE PURCHASE BOSTON MA,-10.43,"1,110.08"
03/25/2024,PIER PROVISIONS ST2149 03/22 MOBILE PURCHASE BOSTON MA,-11.25,"1,098.83"
03/25/2024,UBER *TRIP 03/22 PURCHASE BOSTON MA,-99.96,998.87
03/25/2024,Zelle payment to H Conf# kcxx3fu0h,-10.00,988.87
03/26/2024,APPLE.COM/BILL 03/25 PURCHASE 866-712-7753 CA,-2.99,985.88
03/27/2024,GRUBHUB CAMPUS DINING 03/26 PURCHASE XXXXX75055 CA,-8.85,977.03
03/27/2024,GRUBHUB CAMPUS DINING 03/26 PURCHASE XXXXX75055 CA,-3.25,973.78
03/28/2024,GRUBHUB CAMPUS DINING 03/27 PURCHASE XXXXX75055 CA,-3.75,970.03
03/29/2024,TRUSTEES OF SMIT DES:PAYROLL ID:XXXXXXXXXX39296 INDN:GEORGE SIMPSON CO ID:AXXXXX3040 PPD,225.00,"1,195.03"
04/01/2024,BKOFAMERICA ATM 03/30 #XXXXX4977 DEPOSIT BOSTON CENTER BOSTON MA,200.00,"1,395.03"
04/01/2024,TST* WOODSTAR 2 03/30 MOBILE PURCHASE Boston MA,-15.60,"1,379.43"
04/01/2024,THE VAULT 03/30 PURCHASE BOSTON MA,-8.00,"1,371.43"
04/01/2024,NOODLES RESTAURANT 03/30 MOBILE PURCHASE BOSTON MA,-16.87,"1,354.56"
04/01/2024,CINEMARK THEATRES 321 03/30 MOBILE PURCHASE BOSTON MA,-12.00,"1,342.56"
04/01/2024,CINEMARK THEATRES 321 03/30 MOBILE PURCHASE HADLEY MA,-18.95,"1,323.61"
04/01/2024,Zelle payment to PETER PARKER Conf# lugm23oam,-45.34,"1,278.27"
04/01/2024,NNT T. ROOTS 03/31 MOBILE PURCHASE BOSTON MA,-7.66,"1,270.61"
04/02/2024,SQ *MAIN STREET 04/01 MOBILE PURCHASE Northampton MA,-12.19,"1,258.42"
04/05/2024,SP PAISABOYS 04/04 PURCHASE HTTPSPAISABOY CA,-61.57,"1,196.85"
04/08/2024,Zelle payment from JACOB SCOTT Conf# ux784zkrl,10.00,"1,206.85"
04/08/2024,UBER *TRIP 04/06 PURCHASE San Francisco CA,-23.81,"1,183.04"
04/08/2024,T. ROOTS 04/06 PURCHASE BOSTON MA,-19.13,"1,163.91"
04/09/2024,URBAN OUTFITTRS#124 04/07 MOBILE PURCHASE BOSTON MA,-29.00,"1,134.91"
04/09/2024,Zelle payment to Jacob Scott Conf# mztivrcyj,-40.00,"1,094.91"
04/09/2024,Zelle payment to Jacob Scott Conf# mvd6vdjpl,-17.00,"1,077.91"
04/10/2024,CMSVEND*ARAMATIC COFFEE 04/09 MOBILE PURCHASE SPRINGFIELD MA,-1.60,"1,076.31"
04/11/2024,Zelle payment from MARCIAL HERNANDEZ Conf# T0S58JL2R,50.00,"1,126.31"
04/11/2024,Online Banking transfer from CHK 1002 Confirmation# XXXXX11717,50.00,"1,176.31"
04/11/2024,SPOTIFY 04/10 PURCHASE 877-778-1161 NY,-5.99,"1,170.32"
04/11/2024,Zelle payment to Jacob Scott Conf# oir11azyn,-65.00,"1,105.32"
04/12/2024,TRUSTEES OF SMIT DES:PAYROLL ID:XXXXXXXXXX39296 INDN:GEORGE SIMPSON CO ID:AXXXXX3040 PPD,528.75,"1,634.07"
04/12/2024,NIKE.COM AP 04/09 PURCHASE NIKE.COM OR,-115.00,"1,519.07"
04/12/2024,7-ELEVEN 04/12 MOBILE PURCHASE Easthampton MA,-6.45,"1,512.62"
04/15/2024,Zelle payment from Elizabeth Scott Conf# 0ILKDHWEA,16.00,"1,528.62"
04/15/2024,GRUBHUB CAMPUS DINING 04/12 PURCHASE XXXXX75055 CA,-4.15,"1,524.47"
04/15/2024,Zipcar Trip APR13 04/12 PURCHASE XXX-XX72808 MA,-85.13,"1,439.34"
04/15/2024,SQ *MOCHA EMPORIUM 04/13 MOBILE PURCHASE Springfield MA,-13.08,"1,426.26"
04/15/2024,CHIPOTLE 1693 04/13 MOBILE PURCHASE HADLEY MA,-25.68,"1,400.58"
04/15/2024,Zipcar Trip APR14 04/14 PURCHASE XXX-XX72808 MA,-41.51,"1,359.07"
04/15/2024,TRADER JOE S # 04/14 MOBILE PURCHASE BOSTON MA,-10.76,"1,348.31"
04/15/2024,Zelle payment to H Conf# qrlrgvor3,-8.00,"1,340.31"
04/17/2024,SMITH COLLEGE 04/16 PURCHASE WWW.SMITH.EDU MA,-3.00,"1,337.31"
04/17/2024,USPS PO 245219 04/17 MOBILE PURCHASE NORTHAMPTON MA,-162.10,"1,175.21"
04/17/2024,USPS PO 245219 04/17 MOBILE PURCHASE NORTHAMPTON MA,-9.85,"1,165.36"
04/18/2024,TST* MEXCALITO NOHO 04/16 PURCHASE Northampton MA,-60.17,"1,105.19"
04/18/2024,SQ *THE ROOST 04/17 MOBILE PURCHASE Northampton MA,-24.80,"1,080.39"
04/18/2024,MOCHINUT NORTHAMPTON 04/17 MOBILE PURCHASE XXX-XX305592 IL,-5.04,"1,075.35"
04/18/2024,ZUMIEZ #330 04/18 MOBILE PURCHASE HOLYOKE MA,-104.85,970.50
04/19/2024,American Eagle 711 04/18 MOBILE REFUND Holyoke MA,19.95,990.45
04/19/2024,American Eagle 711 04/18 MOBILE PURCHASE Holyoke MA,-19.95,970.50
04/19/2024,FOREVER21 1698 04/18 MOBILE PURCHASE HOLYOKE MA,-15.92,954.58
04/19/2024,Zelle payment to H Conf# qhiinqdyi,-50.00,904.58
04/19/2024,WAL-MART #2901 04/19 PURCHASE NORTHAMPTON MA,-8.18,896.40